正在加载模型...
=== VGG16BN 模型每层权重均值 ===
层名称                                      权重均值            权重形状
--------------------------------------------------------------------------------
features.0                               -0.00079885 (64, 3, 3, 3)
features.1                               1.00000000 (64,)
features.3                               -0.00040738 (64, 64, 3, 3)
features.4                               1.00000000 (64,)
features.7                               0.00005510 (128, 64, 3, 3)
features.8                               1.00000000 (128,)
features.10                              0.00003766 (128, 128, 3, 3)
features.11                              1.00000000 (128,)
features.14                              0.00002706 (256, 128, 3, 3)
features.15                              1.00000000 (256,)
features.17                              -0.00003526 (256, 256, 3, 3)
features.18                              1.00000000 (256,)
features.20                              0.00002398 (256, 256, 3, 3)
features.21                              1.00000000 (256,)
features.24                              -0.00000523 (512, 256, 3, 3)
features.25                              1.00000000 (512,)
features.27                              0.00001148 (512, 512, 3, 3)
features.28                              1.00000000 (512,)
features.30                              -0.00002852 (512, 512, 3, 3)
features.31                              1.00000000 (512,)
features.34                              -0.00001618 (512, 512, 3, 3)
features.35                              1.00000000 (512,)
features.37                              0.00000150 (512, 512, 3, 3)
features.38                              1.00000000 (512,)
features.40                              -0.00000212 (512, 512, 3, 3)
features.41                              1.00000000 (512,)
classifier.0                             -0.00000076 (4096, 25088)
classifier.3                             -0.00000002 (4096, 4096)
classifier.6                             0.00000591 (1000, 4096)

--------------------------------------------------------------------------------

=== ResNet18 模型每层权重均值 ===
层名称                                      权重均值            权重形状
--------------------------------------------------------------------------------
conv1                                    -0.00009388 (64, 3, 7, 7)
bn1                                      1.00000000 (64,)
layer1.0.conv1                           -0.00059450 (64, 64, 3, 3)
layer1.0.bn1                             1.00000000 (64,)
layer1.0.conv2                           0.00011153 (64, 64, 3, 3)
layer1.0.bn2                             1.00000000 (64,)
layer1.1.conv1                           0.00027410 (64, 64, 3, 3)
layer1.1.bn1                             1.00000000 (64,)
layer1.1.conv2                           -0.00002633 (64, 64, 3, 3)
layer1.1.bn2                             1.00000000 (64,)
layer2.0.conv1                           -0.00022648 (128, 64, 3, 3)
layer2.0.bn1                             1.00000000 (128,)
layer2.0.conv2                           -0.00000413 (128, 128, 3, 3)
layer2.0.bn2                             1.00000000 (128,)
layer2.0.downsample.0                    0.00193024 (128, 64, 1, 1)
layer2.0.downsample.1                    1.00000000 (128,)
layer2.1.conv1                           0.00009060 (128, 128, 3, 3)
layer2.1.bn1                             1.00000000 (128,)
layer2.1.conv2                           -0.00014823 (128, 128, 3, 3)
layer2.1.bn2                             1.00000000 (128,)
layer3.0.conv1                           0.00009550 (256, 128, 3, 3)
layer3.0.bn1                             1.00000000 (256,)
layer3.0.conv2                           0.00003826 (256, 256, 3, 3)
layer3.0.bn2                             1.00000000 (256,)
layer3.0.downsample.0                    0.00007734 (256, 128, 1, 1)
layer3.0.downsample.1                    1.00000000 (256,)
layer3.1.conv1                           0.00001111 (256, 256, 3, 3)
layer3.1.bn1                             1.00000000 (256,)
layer3.1.conv2                           0.00004298 (256, 256, 3, 3)
layer3.1.bn2                             1.00000000 (256,)
layer4.0.conv1                           0.00000164 (512, 256, 3, 3)
layer4.0.bn1                             1.00000000 (512,)
layer4.0.conv2                           0.00000636 (512, 512, 3, 3)
layer4.0.bn2                             1.00000000 (512,)
layer4.0.downsample.0                    -0.00001483 (512, 256, 1, 1)
layer4.0.downsample.1                    1.00000000 (512,)
layer4.1.conv1                           -0.00001180 (512, 512, 3, 3)
layer4.1.bn1                             1.00000000 (512,)
layer4.1.conv2                           0.00000859 (512, 512, 3, 3)
layer4.1.bn2                             1.00000000 (512,)
fc                                       0.00002694 (1000, 512)

--------------------------------------------------------------------------------

